# Standard Slim Mdot Residual Localization

Generated by `scripts/run_standard_slim_mdot_residual_profile.py`.

Rows localize differential interval residuals for accepted and failed Mdot-continuation checkpoints.

| case | accepted | Mdot/Edd | full | dominant | max abs int R | max abs int E | peak R_R/rg | peak int R | peak R_E/rg | peak int E | median abs int E | p90 abs int E | max condA | max abs dlogu | max abs dlogT |
|---|:---:|---:|---:|---|---:|---:|---:|---:|---:|---:|---:|---:|---:|---:|---:|
| anchor | 1 | 1 | 5.175e-06 | interval_E | 3.493e-07 | 5.175e-06 | 9956 | 3.493e-07 | 9956 | 5.175e-06 | 4.571e-13 | 4.874e-12 | 4.89e+06 | 1.776e-14 | 3.553e-15 |
| m2 | 1 | 2 | 6.45e-06 | interval_E | 2.79e-07 | 6.45e-06 | 9964 | 2.79e-07 | 9964 | 6.45e-06 | 4.197e-13 | 2.431e-12 | 2.419e+06 | 1.243 | 0.3246 |
| m3 | 1 | 3 | 7.262e-06 | interval_E | 2.791e-07 | 7.262e-06 | 9964 | 2.791e-07 | 9964 | 7.262e-06 | 4.27e-13 | 4.164e-12 | 1.594e+06 | 1.942 | 0.4343 |
| m4 | 1 | 4 | 2.507e-06 | interval_E | 5.804e-08 | 2.507e-06 | 9979 | -5.804e-08 | 9979 | -2.507e-06 | 2.748e-13 | 1.992e-12 | 1.185e+06 | 2.42 | 0.5449 |
| m5 | 1 | 5 | 2.293e-06 | interval_E | 3.623e-08 | 2.293e-06 | 9988 | -3.623e-08 | 9965 | 2.293e-06 | 1.753e-12 | 2.821e-11 | 9.389e+05 | 2.776 | 0.6112 |

## Top 6 interval_R peaks per case

| case | interval | R_mid/rg | interval_R | interval_E | dlogu anchor | dlogT anchor | Omega frac | pressure frac | Qadv/Qvisc | H/R | condA |
|---|---:|---:|---:|---:|---:|---:|---:|---:|---:|---:|---:|
| anchor | 510 | 9956 | 3.493e-07 | 5.175e-06 | 0 | 1.776e-15 | -0.0001736 | -0.0003469 | 3.248e-05 | 0.0153 | 4.89e+06 |
| anchor | 509 | 9867 | -2.274e-07 | -3.4e-06 | 8.882e-16 | 1.776e-15 | -0.0001733 | -0.0003467 | 3.697e-05 | 0.0153 | 4.887e+06 |
| anchor | 508 | 9780 | 1.475e-07 | 2.212e-06 | -8.882e-16 | -1.776e-15 | -0.0001734 | -0.0003466 | 4.009e-05 | 0.0153 | 4.882e+06 |
| anchor | 507 | 9693 | -9.551e-08 | -1.436e-06 | -8.882e-16 | 1.776e-15 | -0.0001732 | -0.0003465 | 3.674e-05 | 0.0153 | 4.877e+06 |
| anchor | 506 | 9606 | 6.17e-08 | 9.323e-07 | 8.882e-16 | 1.776e-15 | -0.0001733 | -0.0003465 | 4.17e-05 | 0.0153 | 4.873e+06 |
| anchor | 505 | 9521 | -3.976e-08 | -6.02e-07 | 0 | -1.776e-15 | -0.0001732 | -0.0003464 | 3.903e-05 | 0.0153 | 4.868e+06 |
| m2 | 638 | 9964 | 2.79e-07 | 6.45e-06 | 0.3374 | 0.262 | -0.000243 | -0.0004857 | 0.0001204 | 0.01811 | 2.419e+06 |
| m2 | 637 | 9892 | -1.656e-07 | -3.898e-06 | 0.3378 | 0.2619 | -0.0002428 | -0.0004857 | 0.0001454 | 0.01811 | 2.417e+06 |
| m2 | 636 | 9821 | 9.748e-08 | 2.293e-06 | 0.3383 | 0.2618 | -0.000243 | -0.0004859 | 0.0001437 | 0.01812 | 2.415e+06 |
| m2 | 635 | 9751 | -5.735e-08 | -1.353e-06 | 0.3388 | 0.2617 | -0.000243 | -0.000486 | 0.0001428 | 0.01812 | 2.412e+06 |
| m2 | 634 | 9681 | 3.366e-08 | 7.971e-07 | 0.3392 | 0.2616 | -0.0002431 | -0.0004861 | 0.0001478 | 0.01812 | 2.41e+06 |
| m2 | 633 | 9611 | -1.971e-08 | -4.675e-07 | 0.3397 | 0.2615 | -0.0002431 | -0.0004862 | 0.0001467 | 0.01812 | 2.408e+06 |
| m3 | 638 | 9964 | 2.791e-07 | 7.262e-06 | 0.5542 | 0.4105 | -0.0003017 | -0.0006031 | 0.0002283 | 0.02018 | 1.594e+06 |
| m3 | 637 | 9892 | -1.552e-07 | -4.16e-06 | 0.555 | 0.4102 | -0.0003016 | -0.0006033 | 0.000285 | 0.02019 | 1.593e+06 |
| m3 | 636 | 9821 | 8.512e-08 | 2.273e-06 | 0.5559 | 0.41 | -0.000302 | -0.0006037 | 0.0002771 | 0.0202 | 1.592e+06 |
| m3 | 635 | 9750 | -4.671e-08 | -1.251e-06 | 0.5568 | 0.4098 | -0.0003021 | -0.0006041 | 0.0002794 | 0.0202 | 1.59e+06 |
| m3 | 634 | 9679 | 2.556e-08 | 6.87e-07 | 0.5577 | 0.4096 | -0.0003023 | -0.0006045 | 0.000285 | 0.02021 | 1.589e+06 |
| m3 | 633 | 9609 | -1.395e-08 | -3.756e-07 | 0.5586 | 0.4093 | -0.0003025 | -0.000605 | 0.0002858 | 0.02022 | 1.587e+06 |
| m4 | 638 | 9979 | -5.804e-08 | -2.507e-06 | 0.7204 | 0.5127 | -0.000356 | -0.000712 | 0.0002873 | 0.02193 | 1.185e+06 |
| m4 | 637 | 9938 | 3.743e-08 | 1.745e-06 | 0.721 | 0.5124 | -0.0003561 | -0.0007121 | 0.0004614 | 0.02193 | 1.185e+06 |
| m4 | 636 | 9897 | -2.329e-08 | -1.091e-06 | 0.7217 | 0.5123 | -0.0003564 | -0.0007126 | 0.0004291 | 0.02194 | 1.184e+06 |
| m4 | 635 | 9855 | 1.44e-08 | 6.389e-07 | 0.7225 | 0.5121 | -0.0003566 | -0.000713 | 0.0004353 | 0.02195 | 1.183e+06 |
| m4 | 634 | 9812 | -8.834e-09 | -4.013e-07 | 0.7233 | 0.5119 | -0.0003568 | -0.0007135 | 0.0004383 | 0.02196 | 1.182e+06 |
| m4 | 633 | 9769 | 5.316e-09 | 2.357e-07 | 0.7241 | 0.5117 | -0.0003571 | -0.000714 | 0.000445 | 0.02196 | 1.182e+06 |
| m5 | 766 | 9988 | -3.623e-08 | -2.15e-06 | 0.8585 | 0.5896 | -0.0004087 | -0.0008173 | 0.0002368 | 0.0235 | 9.386e+05 |
| m5 | 765 | 9965 | 3.337e-08 | 2.293e-06 | 0.8589 | 0.5894 | -0.0004088 | -0.0008174 | 0.000659 | 0.0235 | 9.389e+05 |
| m5 | 764 | 9942 | -2.948e-08 | -2.009e-06 | 0.8594 | 0.5893 | -0.0004089 | -0.0008177 | 0.0005666 | 0.0235 | 9.385e+05 |
| m5 | 763 | 9918 | 2.605e-08 | 1.79e-06 | 0.86 | 0.5892 | -0.0004092 | -0.0008181 | 0.0006532 | 0.02351 | 9.382e+05 |
| m5 | 762 | 9895 | -2.299e-08 | -1.569e-06 | 0.8605 | 0.5891 | -0.0004093 | -0.0008185 | 0.0005809 | 0.02352 | 9.378e+05 |
| m5 | 761 | 9872 | 2.03e-08 | 1.394e-06 | 0.8611 | 0.5889 | -0.0004095 | -0.0008189 | 0.0006483 | 0.02352 | 9.374e+05 |

## Top 6 interval_E peaks per case

| case | interval | R_mid/rg | interval_R | interval_E | dlogu anchor | dlogT anchor | Omega frac | pressure frac | Qadv/Qvisc | H/R | condA |
|---|---:|---:|---:|---:|---:|---:|---:|---:|---:|---:|---:|
| anchor | 510 | 9956 | 3.493e-07 | 5.175e-06 | 0 | 1.776e-15 | -0.0001736 | -0.0003469 | 3.248e-05 | 0.0153 | 4.89e+06 |
| anchor | 509 | 9867 | -2.274e-07 | -3.4e-06 | 8.882e-16 | 1.776e-15 | -0.0001733 | -0.0003467 | 3.697e-05 | 0.0153 | 4.887e+06 |
| anchor | 508 | 9780 | 1.475e-07 | 2.212e-06 | -8.882e-16 | -1.776e-15 | -0.0001734 | -0.0003466 | 4.009e-05 | 0.0153 | 4.882e+06 |
| anchor | 507 | 9693 | -9.551e-08 | -1.436e-06 | -8.882e-16 | 1.776e-15 | -0.0001732 | -0.0003465 | 3.674e-05 | 0.0153 | 4.877e+06 |
| anchor | 506 | 9606 | 6.17e-08 | 9.323e-07 | 8.882e-16 | 1.776e-15 | -0.0001733 | -0.0003465 | 4.17e-05 | 0.0153 | 4.873e+06 |
| anchor | 505 | 9521 | -3.976e-08 | -6.02e-07 | 0 | -1.776e-15 | -0.0001732 | -0.0003464 | 3.903e-05 | 0.0153 | 4.868e+06 |
| m2 | 638 | 9964 | 2.79e-07 | 6.45e-06 | 0.3374 | 0.262 | -0.000243 | -0.0004857 | 0.0001204 | 0.01811 | 2.419e+06 |
| m2 | 637 | 9892 | -1.656e-07 | -3.898e-06 | 0.3378 | 0.2619 | -0.0002428 | -0.0004857 | 0.0001454 | 0.01811 | 2.417e+06 |
| m2 | 636 | 9821 | 9.748e-08 | 2.293e-06 | 0.3383 | 0.2618 | -0.000243 | -0.0004859 | 0.0001437 | 0.01812 | 2.415e+06 |
| m2 | 635 | 9751 | -5.735e-08 | -1.353e-06 | 0.3388 | 0.2617 | -0.000243 | -0.000486 | 0.0001428 | 0.01812 | 2.412e+06 |
| m2 | 634 | 9681 | 3.366e-08 | 7.971e-07 | 0.3392 | 0.2616 | -0.0002431 | -0.0004861 | 0.0001478 | 0.01812 | 2.41e+06 |
| m2 | 633 | 9611 | -1.971e-08 | -4.675e-07 | 0.3397 | 0.2615 | -0.0002431 | -0.0004862 | 0.0001467 | 0.01812 | 2.408e+06 |
| m3 | 638 | 9964 | 2.791e-07 | 7.262e-06 | 0.5542 | 0.4105 | -0.0003017 | -0.0006031 | 0.0002283 | 0.02018 | 1.594e+06 |
| m3 | 637 | 9892 | -1.552e-07 | -4.16e-06 | 0.555 | 0.4102 | -0.0003016 | -0.0006033 | 0.000285 | 0.02019 | 1.593e+06 |
| m3 | 636 | 9821 | 8.512e-08 | 2.273e-06 | 0.5559 | 0.41 | -0.000302 | -0.0006037 | 0.0002771 | 0.0202 | 1.592e+06 |
| m3 | 635 | 9750 | -4.671e-08 | -1.251e-06 | 0.5568 | 0.4098 | -0.0003021 | -0.0006041 | 0.0002794 | 0.0202 | 1.59e+06 |
| m3 | 634 | 9679 | 2.556e-08 | 6.87e-07 | 0.5577 | 0.4096 | -0.0003023 | -0.0006045 | 0.000285 | 0.02021 | 1.589e+06 |
| m3 | 633 | 9609 | -1.395e-08 | -3.756e-07 | 0.5586 | 0.4093 | -0.0003025 | -0.000605 | 0.0002858 | 0.02022 | 1.587e+06 |
| m4 | 638 | 9979 | -5.804e-08 | -2.507e-06 | 0.7204 | 0.5127 | -0.000356 | -0.000712 | 0.0002873 | 0.02193 | 1.185e+06 |
| m4 | 637 | 9938 | 3.743e-08 | 1.745e-06 | 0.721 | 0.5124 | -0.0003561 | -0.0007121 | 0.0004614 | 0.02193 | 1.185e+06 |
| m4 | 636 | 9897 | -2.329e-08 | -1.091e-06 | 0.7217 | 0.5123 | -0.0003564 | -0.0007126 | 0.0004291 | 0.02194 | 1.184e+06 |
| m4 | 635 | 9855 | 1.44e-08 | 6.389e-07 | 0.7225 | 0.5121 | -0.0003566 | -0.000713 | 0.0004353 | 0.02195 | 1.183e+06 |
| m4 | 634 | 9812 | -8.834e-09 | -4.013e-07 | 0.7233 | 0.5119 | -0.0003568 | -0.0007135 | 0.0004383 | 0.02196 | 1.182e+06 |
| m4 | 633 | 9769 | 5.316e-09 | 2.357e-07 | 0.7241 | 0.5117 | -0.0003571 | -0.000714 | 0.000445 | 0.02196 | 1.182e+06 |
| m5 | 765 | 9965 | 3.337e-08 | 2.293e-06 | 0.8589 | 0.5894 | -0.0004088 | -0.0008174 | 0.000659 | 0.0235 | 9.389e+05 |
| m5 | 766 | 9988 | -3.623e-08 | -2.15e-06 | 0.8585 | 0.5896 | -0.0004087 | -0.0008173 | 0.0002368 | 0.0235 | 9.386e+05 |
| m5 | 764 | 9942 | -2.948e-08 | -2.009e-06 | 0.8594 | 0.5893 | -0.0004089 | -0.0008177 | 0.0005666 | 0.0235 | 9.385e+05 |
| m5 | 763 | 9918 | 2.605e-08 | 1.79e-06 | 0.86 | 0.5892 | -0.0004092 | -0.0008181 | 0.0006532 | 0.02351 | 9.382e+05 |
| m5 | 762 | 9895 | -2.299e-08 | -1.569e-06 | 0.8605 | 0.5891 | -0.0004093 | -0.0008185 | 0.0005809 | 0.02352 | 9.378e+05 |
| m5 | 761 | 9872 | 2.03e-08 | 1.394e-06 | 0.8611 | 0.5889 | -0.0004095 | -0.0008189 | 0.0006483 | 0.02352 | 9.374e+05 |
